2 4 20 21 24 29 31
2 7 13 15 19 27 32
1 8 18 20 27 28 30
4 14 18 21 27 28 29
1 14 16 18 24 26 28
2 7 11 17 27 30 32
7 9 11 23 27 28 31
3 14 21 22 24 30 31
1 4 17 18 23 28 30
2 6 14 22 25 31 33
3 4 6 12 17 20 23
5 10 19 23 24 33 34
2 3 4 7 8 9 31
5 6 9 15 21 23 31
4 6 9 13 29 33 34
6 7 14 19 21 29 30
1 2 7 13 16 25 31
1 6 27 28 30 33 34
2 3 6 7 11 14 34
7 11 17 18 24 29 30
3 5 8 10 16 23 32
6 21 23 24 26 27 28
10 11 15 19 22 30 31
5 10 15 17 23 25 30
1 2 7 21 28 31 33
3 4 5 28 29 32 34
5 11 13 16 17 23 26
8 10 19 20 22 28 33
4 13 19 21 26 29 34
4 16 18 22 27 28 32
4 8 11 17 20 26 31
2 10 14 18 20 21 29
4 5 22 23 26 31 34
1 6 7 13 14 27 32
8 12 13 15 30 32 33
2 17 18 23 26 30 32
12 17 21 29 30 32 33
9 12 16 26 32 33 34
7 11 14 15 27 28 33
4 5 13 14 20 26 33
6 12 13 15 19 22 27
1 2 3 25 28 29 30
8 17 19 21 23 29 32
2 11 15 22 24 28 34
6 10 12 15 26 31 33
12 13 14 19 21 24 30
3 11 18 20 22 25 28
12 13 14 23 24 27 29
1 11 16 20 21 27 30
1 6 19 22 24 25 28
7 13 17 24 26 32 33
1 2 5 10 15 26 33
