1.000 -2.805
2.000 -2.837
3.000 -2.867
4.000 -2.893
5.000 -2.917
6.000 -2.937
7.000 -2.955
8.000 -2.970
9.000 -2.982
10.000 -2.991
11.000 -2.997
12.000 -3.000
13.000 -3.000
14.000 -2.997
15.000 -2.991
16.000 -2.982
17.000 -2.970
18.000 -2.955
19.000 -2.937
20.000 -2.917
21.000 -2.893
22.000 -2.867
23.000 -2.837
24.000 -2.805
25.000 -2.769
26.000 -2.731
27.000 -2.690
28.000 -2.646
29.000 -2.599
30.000 -2.550
31.000 -2.497
32.000 -2.442
33.000 -2.384
34.000 -2.323
35.000 -2.259
36.000 -2.193
37.000 -2.124
38.000 -2.052
39.000 -1.977
40.000 -1.900
41.000 -1.820
42.000 -1.738
43.000 -1.653
44.000 -1.566
45.000 -1.475
46.000 -1.383
47.000 -1.288
48.000 -1.190
49.000 -1.090
50.000 -0.988
51.000 -0.883
52.000 -0.776
53.000 -0.667
54.000 -0.555
55.000 -0.441
56.000 -0.325
57.000 -0.207
58.000 -0.086
59.000 0.036
60.000 0.161
61.000 0.287
62.000 0.416
63.000 0.547
64.000 0.679
65.000 0.813
66.000 0.949
67.000 1.087
68.000 1.227
69.000 1.368
70.000 1.512
71.000 1.656
72.000 1.803
73.000 1.950
74.000 2.100
75.000 2.250
76.000 2.403
77.000 2.556
78.000 2.711
79.000 2.867
80.000 3.025
81.000 3.183
82.000 3.343
83.000 3.504
84.000 3.665
85.000 3.828
86.000 3.992
87.000 4.156
88.000 4.322
89.000 4.488
90.000 4.655
91.000 4.823
92.000 4.991
93.000 5.160
94.000 5.329
95.000 5.499
96.000 5.670
97.000 5.841
98.000 6.012
99.000 6.183
100.000 6.355
101.000 6.527
102.000 6.699
103.000 6.871
104.000 7.043
105.000 7.215
106.000 7.387
107.000 7.559
108.000 7.731
109.000 7.903
110.000 8.074
111.000 8.245
112.000 8.415
113.000 8.586
114.000 8.755
115.000 8.925
116.000 9.093
117.000 9.261
118.000 9.428
119.000 9.595
120.000 9.761
121.000 9.926
122.000 10.090
123.000 10.253
124.000 10.416
125.000 10.577
126.000 10.737
127.000 10.896
128.000 11.054
129.000 11.211
130.000 11.367
131.000 11.521
132.000 11.674
133.000 11.825
134.000 11.975
135.000 12.124
136.000 12.271
137.000 12.416
138.000 12.560
139.000 12.702
140.000 12.843
141.000 12.982
142.000 13.119
143.000 13.254
144.000 13.387
145.000 13.519
146.000 13.649
147.000 13.776
148.000 13.902
149.000 14.025
150.000 14.147
151.000 14.266
152.000 14.383
153.000 14.498
154.000 14.611
155.000 14.722
156.000 14.830
157.000 14.936
158.000 15.039
159.000 15.140
160.000 15.239
161.000 15.336
162.000 15.429
163.000 15.521
164.000 15.610
165.000 15.696
166.000 15.780
167.000 15.861
168.000 15.939
169.000 16.015
170.000 16.088
171.000 16.159
172.000 16.226
173.000 16.291
174.000 16.354
175.000 16.413
176.000 16.470
177.000 16.524
178.000 16.575
179.000 16.623
180.000 16.668
181.000 16.711
182.000 16.751
183.000 16.787
184.000 16.821
185.000 16.852
186.000 16.880
187.000 16.905
188.000 16.927
189.000 16.947
190.000 16.963
191.000 16.976
192.000 16.987
193.000 16.994
194.000 16.999
195.000 17.000
196.000 16.999
197.000 16.994
198.000 16.987
199.000 16.976
200.000 16.963
201.000 16.947
202.000 16.927
203.000 16.905
204.000 16.880
205.000 16.852
206.000 16.821
207.000 16.787
208.000 16.751
209.000 16.711
210.000 16.668
211.000 16.623
212.000 16.575
213.000 16.524
214.000 16.470
215.000 16.413
216.000 16.354
217.000 16.291
218.000 16.226
219.000 16.159
220.000 16.088
221.000 16.015
222.000 15.939
223.000 15.861
224.000 15.780
225.000 15.696
226.000 15.610
227.000 15.521
228.000 15.429
229.000 15.336
230.000 15.239
231.000 15.140
232.000 15.039
233.000 14.936
234.000 14.830
235.000 14.722
236.000 14.611
237.000 14.498
238.000 14.383
239.000 14.266
240.000 14.147
241.000 14.025
242.000 13.902
243.000 13.776
244.000 13.649
245.000 13.519
246.000 13.387
247.000 13.254
248.000 13.119
249.000 12.982
250.000 12.843
251.000 12.702
252.000 12.560
253.000 12.416
254.000 12.271
255.000 12.124
256.000 11.975
257.000 11.825
258.000 11.674
259.000 11.521
260.000 11.367
261.000 11.211
262.000 11.054
263.000 10.896
264.000 10.737
265.000 10.577
266.000 10.416
267.000 10.253
268.000 10.090
269.000 9.926
270.000 9.761
271.000 9.595
272.000 9.428
273.000 9.261
274.000 9.093
275.000 8.925
276.000 8.755
277.000 8.586
278.000 8.415
279.000 8.245
280.000 8.074
281.000 7.903
282.000 7.731
283.000 7.559
284.000 7.387
285.000 7.215
286.000 7.043
287.000 6.871
288.000 6.699
289.000 6.527
290.000 6.355
291.000 6.183
292.000 6.012
293.000 5.841
294.000 5.670
295.000 5.499
296.000 5.329
297.000 5.160
298.000 4.991
299.000 4.823
300.000 4.655
301.000 4.488
302.000 4.322
303.000 4.156
304.000 3.992
305.000 3.828
306.000 3.665
307.000 3.504
308.000 3.343
309.000 3.183
310.000 3.025
311.000 2.867
312.000 2.711
313.000 2.556
314.000 2.403
315.000 2.250
316.000 2.100
317.000 1.950
318.000 1.803
319.000 1.656
320.000 1.512
321.000 1.368
322.000 1.227
323.000 1.087
324.000 0.949
325.000 0.813
326.000 0.679
327.000 0.547
328.000 0.416
329.000 0.287
330.000 0.161
331.000 0.036
332.000 -0.086
333.000 -0.207
334.000 -0.325
335.000 -0.441
336.000 -0.555
337.000 -0.667
338.000 -0.776
339.000 -0.883
340.000 -0.988
341.000 -1.090
342.000 -1.190
343.000 -1.288
344.000 -1.383
345.000 -1.475
346.000 -1.566
347.000 -1.653
348.000 -1.738
349.000 -1.820
350.000 -1.900
351.000 -1.977
352.000 -2.052
353.000 -2.124
354.000 -2.193
355.000 -2.259
356.000 -2.323
357.000 -2.384
358.000 -2.442
359.000 -2.497
360.000 -2.550
361.000 -2.599
362.000 -2.646
363.000 -2.690
364.000 -2.731
365.000 -2.769
