2 10 17
1 9 21
1 8 23
1 8 26
1 8 19
2 10 17
2 8 12
2 9 11
1 10 5
1 8 13
1 10 12
1 8 7
2 9 10
2 9 7
1 9 11
1 10 21
1 10 19
1 10 11
2 9 20
2 8 30
2 10 8
1 10 20
1 8 7
1 8 24
2 10 18
2 8 18
1 10 18
1 10 28
1 10 22
2 9 26
1 10 9
1 9 6
1 8 13
1 8 5
2 10 11
2 9 13
1 10 11
1 8 20
1 8 29
2 10 8
1 8 22
1 10 12
2 8 20
2 8 27
2 9 28
2 8 19
2 9 6
2 9 20
1 8 26
2 8 24
1 10 16
2 10 28
1 10 7
1 8 10
2 9 21
1 10 22
2 9 22
1 10 9
2 8 25
2 9 8
2 8 27
1 10 22
2 9 20
2 8 11
1 10 18
2 10 17
1 9 9
1 8 12
2 10 16
1 8 21
2 8 21
2 10 13
2 8 22
1 10 21
2 10 23
2 8 5
1 9 20
1 10 25
2 8 27
2 9 5
2 9 22
1 8 12
1 10 5
2 9 13
1 10 9
1 10 5
2 9 5
1 8 11
1 10 23
2 8 12
2 10 14
2 8 20
1 10 18
2 10 30
1 10 27
2 9 30
2 9 16
2 8 8
2 10 19
2 10 15
1 9 18
2 10 5
2 8 5
2 10 6
2 9 5
2 10 6
2 8 15
1 9 25
2 9 19
1 9 29
1 10 8
2 10 8
1 9 28
2 8 20
1 10 29
2 10 13
2 8 20
2 10 13
2 8 21
1 10 10
2 9 7
1 10 17
2 10 24
2 10 8
2 9 29
2 10 24
2 8 13
1 8 14
1 9 23
2 8 25
1 8 13
1 9 26
2 9 15
2 10 17
2 10 7
1 9 7
2 10 22
1 8 28
1 8 28
2 10 12
1 10 29
2 10 7
1 8 25
1 8 18
2 9 25
1 10 23
1 9 8
1 8 11
1 9 29
2 10 10
2 9 23
2 8 11
1 9 19
1 10 17
2 8 12
2 10 27
2 8 26
2 8 30
2 10 24
2 8 16
2 9 28
1 9 23
2 9 8
1 10 13
1 8 20
1 10 20
2 9 16
1 9 24
1 8 24
2 8 13
2 8 29
2 10 25
1 9 7
1 8 5
1 9 10
2 10 19
1 9 24
1 10 5
1 9 17
2 8 8
1 9 24
2 9 9
2 9 24
1 10 16
1 10 25
1 10 22
1 8 14
1 9 8
1 10 9
1 9 11
1 8 29
2 9 14
1 10 8
1 10 27
2 9 20
1 10 12
1 9 13
1 9 23
2 10 14
2 8 19
2 9 22
1 10 30
1 10 20
2 8 9
1 9 22
1 8 30
1 9 13
2 9 8
2 10 18
2 8 8
2 8 13
2 9 21
1 9 7
1 8 13
2 10 19
1 8 25
1 10 28
2 9 8
1 8 6
1 9 11
2 10 22
1 10 10
1 9 6
1 10 18
1 10 23
2 9 5
1 10 18
1 10 7
1 9 13
2 9 6
1 9 25
2 8 29
2 10 18
2 10 17
1 10 9
2 8 20
2 10 8
1 10 13
2 10 15
1 9 23
1 9 19
2 10 14
2 10 7
1 9 9
1 8 8
2 8 22
2 8 23
2 10 5
1 9 6
2 8 26
2 8 6
2 9 27
2 9 28
2 8 6
1 10 18
2 9 26
1 9 14
2 10 25
1 8 28
1 9 29
1 10 15
2 9 9
1 10 24
1 10 18
1 8 22
2 8 15
1 8 10
1 8 27
2 9 17
1 9 27
1 10 17
2 10 19
1 9 14
1 8 18
1 9 27
1 10 17
1 8 22
1 8 9
2 10 6
1 10 9
1 9 15
1 10 9
2 10 5
1 9 16
1 10 29
1 8 27
1 8 24
1 9 30
2 8 25
1 9 29
1 8 10
2 10 19
1 10 24
